63 2 95 93 22 13 50 81 72 25 58 54 98 89 66 75 27 47 34 6 86 70 31 11 77 42 4 45 9 18 30 36 51 84 39 100 59 56 80 97 15 33 38 78 20 82 52 74 17 3 41 69 67 24 91 85 28 35 44 92 29 96 19 61 60 87 76 65 88 14 23 40 49 48 43 26 1 55 62 73 10 83 71 7 79 46 94 90 8 5 64 32 37 53 68 99 21 12 16 57
18 59 92 4 62 29 7 84 100 54 65 32 57 26 51 96 81 80 40 13 98 20 38 1 24 46 35 87 43 15 73 89 9 68 21 76 50 12 95 48 93 70 27 78 42 56 63 75 34 99 82 16 11 67 49 8 39 71 85 25 86 53 52 10 66 77 41 36 45 5 91 90 2 61 14 83 79 58 72 64 55 3 74 88 31 44 47 97 17 37 22 19 94 69 60 30 28 33 6 23
47 93 25 27 13 44 95 60 90 69 22 8 91 36 30 11 61 49 52 16 58 55 41 2 86 38 67 63 10 84 97 82 75 33 88 19 99 4 78 64 71 56 6 40 24 76 42 28 73 1 35 94 79 7 31 100 57 34 85 72 50 17 12 18 68 83 74 15 26 21 66 77 65 5 29 98 9 39 59 14 45 89 48 87 53 37 20 23 43 32 96 62 46 70 54 51 92 80 81 3
94 8 60 99 13 76 40 72 28 42 53 57 37 96 24 10 15 85 26 55 2 11 90 49 91 88 61 83 79 44 68 33 19 74 22 35 46 17 63 31 66 97 4 48 30 82 77 6 80 51 1 23 27 64 45 89 67 93 39 18 54 12 70 7 16 56 65 75 92 3 38 29 78 69 52 81 21 14 100 84 71 95 59 34 87 9 62 36 43 73 5 20 47 25 32 86 50 58 41 98
48 55 18 2 15 61 93 7 86 95 63 20 24 90 31 43 59 50 26 72 98 91 84 68 35 9 57 13 52 75 22 77 4 46 66 79 39 37 28 44 82 11 64 6 70 88 41 30 33 100 14 36 76 58 83 17 73 89 99 51 25 67 42 29 32 81 92 47 56 40 21 65 60 23 87 5 34 97 10 85 3 27 96 80 62 38 54 74 16 45 1 94 8 19 49 69 53 71 12 78
100 61 79 30 74 56 7 33 59 31 14 39 98 52 1 45 87 48 50 28 93 22 85 25 72 54 68 81 16 96 37 5 76 19 63 65 89 34 12 70 57 94 42 36 9 17 82 77 3 40 64 11 4 51 86 46 47 8 18 23 80 73 58 95 29 62 71 53 90 35 83 92 75 84 49 60 91 97 27 38 21 15 13 67 10 78 88 24 44 6 26 66 20 99 2 41 55 69 32 43
6 86 45 50 51 38 11 93 32 58 81 15 56 53 13 10 30 67 26 79 95 98 24 4 75 84 70 18 62 2 47 64 73 27 19 90 34 97 78 31 43 59 39 36 76 55 72 91 22 94 7 9 21 48 61 49 3 89 54 25 87 20 82 80 71 85 96 35 44 29 40 92 83 88 77 28 68 17 12 65 60 100 33 69 74 5 1 23 16 42 66 57 99 63 41 8 46 37 52 14
63 35 15 47 97 85 92 38 69 52 65 32 50 99 72 77 26 11 94 61 18 44 23 6 83 90 56 30 10 3 88 58 74 41 76 24 29 54 27 91 79 8 12 43 4 96 46 71 60 67 49 17 53 31 89 1 64 14 57 40 39 7 80 2 13 93 55 66 75 45 19 28 81 100 82 84 59 51 48 9 98 37 87 42 36 78 33 21 5 95 34 68 73 22 20 62 86 25 16 70
69 28 50 6 95 88 83 97 37 13 74 63 21 86 91 43 77 51 99 10 71 15 19 8 55 46 2 24 26 17 35 32 66 4 39 90 48 57 62 59 54 93 75 11 41 78 82 33 80 30 14 96 38 9 45 92 67 60 27 85 22 81 52 18 23 56 70 61 72 65 76 87 29 20 16 47 12 49 34 7 68 98 25 40 94 1 5 100 89 84 79 36 31 58 53 3 44 42 73 64
88 75 56 12 10 30 50 47 24 84 91 58 42 90 73 16 53 82 3 62 39 44 99 67 28 31 51 69 35 7 86 64 71 5 19 33 55 93 14 77 79 27 11 36 8 96 48 22 60 94 100 63 66 25 21 97 72 70 15 32 38 81 85 59 49 23 34 68 57 78 92 83 74 9 61 76 13 26 80 87 95 52 65 1 45 98 29 43 46 18 37 89 41 54 17 4 2 6 40 20
27 14 25 94 60 99 12 88 80 30 56 54 38 3 16 23 41 5 86 47 62 49 69 7 36 45 43 92 75 73 18 1 58 77 32 81 34 21 100 52 96 67 19 84 65 61 79 39 82 10 64 46 33 97 15 51 40 93 78 9 83 68 55 6 42 20 29 28 11 57 66 95 4 44 53 70 13 26 87 37 59 89 76 50 72 90 17 85 98 63 31 35 91 48 24 8 2 74 22 71
1 14 18 63 61 20 96 3 90 56 9 74 52 83 26 12 59 87 34 38 98 7 54 68 65 79 47 72 43 5 50 31 94 85 76 23 45 29 92 25 70 32 67 81 30 49 100 17 37 88 2 64 95 51 35 13 21 58 73 36 8 46 91 62 53 97 6 86 40 82 71 80 39 48 57 60 24 93 10 84 22 44 33 4 75 77 11 69 55 42 27 41 78 16 66 19 28 15 99 89
43 95 54 77 92 99 58 69 50 7 88 14 16 86 74 25 63 71 29 27 22 36 66 1 47 52 31 45 90 83 34 38 3 18 20 49 12 61 56 79 94 75 97 9 91 33 5 30 72 60 67 37 41 64 13 8 98 26 80 23 40 65 55 76 81 82 4 17 70 59 51 44 85 53 100 57 73 46 19 6 89 87 11 2 42 28 68 15 62 84 32 10 24 39 21 93 35 78 96 48
62 15 71 57 54 75 94 2 11 18 27 99 7 59 70 13 88 24 86 68 66 38 43 82 22 41 30 46 79 35 10 73 91 77 90 40 49 4 96 33 26 64 52 19 98 55 93 47 80 84 1 32 51 16 29 65 23 83 34 58 89 48 20 76 25 61 74 85 95 39 87 72 63 97 9 12 21 28 37 6 31 81 53 67 36 69 50 3 92 45 56 17 44 42 78 5 14 100 60 8
39 46 30 80 58 51 92 72 14 1 31 55 95 78 67 99 26 50 22 63 6 28 33 35 42 81 74 3 69 76 19 37 44 83 87 17 8 10 12 94 65 24 48 89 61 53 97 15 85 18 57 82 60 36 100 21 68 64 54 96 86 25 32 91 90 59 49 27 43 5 16 7 4 70 79 71 23 93 66 20 88 47 84 41 34 2 40 73 29 56 62 52 75 77 13 45 38 98 11 9
29 18 57 74 76 87 32 46 44 12 98 72 60 7 38 15 95 55 61 40 26 3 89 1 80 53 81 100 24 68 83 41 20 9 92 35 21 49 52 6 85 23 69 4 65 37 77 63 90 17 11 48 33 94 56 62 16 78 39 34 99 73 50 66 67 22 96 5 71 82 47 58 59 25 14 13 10 86 43 45 2 27 54 8 91 93 31 84 30 70 79 64 51 75 88 97 36 19 42 28
46 15 76 59 53 48 96 44 24 98 70 62 7 31 1 42 51 92 84 100 18 89 27 13 9 50 57 29 22 20 68 33 73 71 35 4 64 87 55 37 85 16 82 78 39 66 3 90 11 54 8 95 41 25 69 72 38 32 75 99 86 14 47 10 43 77 91 81 36 26 65 60 21 93 63 49 80 17 19 58 97 94 88 56 2 45 79 40 12 23 34 30 5 74 67 83 52 28 61 6
46 60 64 25 28 62 49 1 43 85 76 13 58 55 6 71 8 100 78 20 4 89 22 93 97 67 31 73 82 69 37 34 17 52 95 29 40 2 9 15 87 80 33 65 84 48 26 41 11 44 81 16 88 59 94 56 12 53 77 50 27 98 99 83 45 54 21 7 18 74 72 63 61 70 24 57 68 75 14 32 86 79 38 39 47 23 10 30 91 5 96 92 42 51 36 35 19 3 90 66
15 92 34 61 30 19 49 7 73 55 26 64 99 94 52 43 69 28 47 1 58 75 66 22 60 31 13 96 87 80 81 78 8 36 3 45 100 24 83 38 67 41 11 5 85 53 88 72 17 40 59 56 90 32 37 2 84 74 6 89 42 48 33 65 76 10 91 27 16 18 63 44 54 62 82 20 79 97 46 14 35 57 86 23 29 50 68 39 51 9 12 93 4 95 77 70 71 25 21 98
59 3 34 54 39 11 94 32 82 25 57 14 10 61 52 90 8 28 86 99 75 23 97 66 91 5 78 50 48 19 45 73 17 36 43 30 77 41 84 80 64 2 6 37 69 62 21 56 88 18 24 81 60 95 87 9 12 33 55 65 49 71 72 27 96 13 22 70 51 67 85 76 20 26 15 31 1 93 7 68 83 16 58 53 46 42 40 74 63 89 100 44 4 79 35 92 47 98 38 29
