Schedule:  25 93 86 88 55 23 91 14 74 44 79 21 8 57 37 12 52 19 48 82 59 90 68 5 32 70 40 77 71 97 41 66 46 10 99 28 17 3 63 16 75 39 35 95 43 11 60 84 62 87 54 47 100 69 22 29 6 81 34 73 2 13 58 96 7 72 30 31 45 36 56 4 18 33 61 78 76 50 1 51 67 27 94 24 92 64 80 9 49 26 15 85 42 53 98 83 20 65 89 38
Schedule:  20 61 21 94 65 59 2 17 82 35 73 32 88 67 14 46 23 48 9 29 90 91 37 54 97 6 52 86 26 79 40 41 43 99 12 34 70 56 68 95 18 76 74 15 71 38 3 50 63 10 7 31 45 78 85 64 92 53 24 8 19 25 49 77 62 13 30 39 28 84 75 80 16 60 93 58 22 100 98 11 87 42 44 72 33 89 96 51 27 57 47 66 69 1 83 81 36 55 4 5
Schedule:  20 61 21 94 65 59 2 17 82 35 73 32 88 67 14 46 23 48 9 29 90 91 37 54 97 6 52 86 26 79 40 41 43 99 12 34 70 56 68 95 18 76 74 15 71 38 3 50 63 10 7 31 45 78 85 64 92 53 24 8 19 25 49 77 62 13 30 39 28 84 75 80 16 60 93 58 22 100 98 11 87 42 44 72 33 89 96 51 27 57 47 66 69 1 83 81 36 55 4 5
Schedule:  32 63 93 10 85 18 71 87 4 35 27 89 82 57 13 78 91 59 40 74 44 76 70 24 46 51 55 38 29 2 98 15 7 96 21 62 16 11 33 66 68 9 49 41 90 95 53 37 83 45 28 80 23 92 64 20 50 67 77 5 6 34 1 79 88 39 48 43 54 94 58 69 60 8 36 72 100 14 97 25 65 56 52 12 22 73 30 99 26 47 19 31 17 3 84 42 61 81 75 86
Schedule:  32 63 93 10 85 18 71 87 4 35 27 89 82 57 13 78 91 59 40 74 44 76 70 24 46 51 55 38 29 2 98 15 7 96 21 62 16 11 33 66 68 9 49 41 90 95 53 37 83 45 28 80 23 92 64 20 50 67 77 5 6 34 1 79 88 39 48 43 54 94 58 69 60 8 36 72 100 14 97 25 65 56 52 12 22 73 30 99 26 47 19 31 17 3 84 42 61 81 75 86
Schedule:  69 17 82 89 74 3 40 6 58 66 43 32 46 91 21 95 51 23 34 86 63 14 54 98 78 28 19 12 71 49 25 10 37 67 41 84 62 26 8 45 87 70 93 90 1 38 5 75 30 57 55 33 99 60 72 96 2 27 56 73 11 42 20 97 88 36 47 48 83 92 59 44 35 24 61 15 81 52 76 39 4 16 77 94 80 29 68 7 79 31 13 18 64 50 85 22 53 9 100 65
Schedule:  69 17 82 89 74 3 40 6 58 66 43 32 46 91 21 95 51 23 34 86 63 14 54 98 78 28 19 12 71 49 25 10 37 67 41 84 62 26 8 45 87 70 93 90 1 38 5 75 30 57 55 33 99 60 72 96 2 27 56 73 11 42 20 97 88 36 47 48 83 92 59 44 35 24 61 15 81 52 76 39 4 16 77 94 80 29 68 7 79 31 13 18 64 50 85 22 53 9 100 65
Schedule:  11 68 45 66 77 62 4 50 13 31 90 92 33 25 42 54 47 97 70 85 74 16 39 8 83 88 36 79 71 51 99 10 28 30 59 22 19 34 2 27 48 5 63 65 86 81 94 56 7 60 21 78 53 24 95 38 35 100 73 69 91 96 6 57 1 20 12 44 43 58 67 49 9 3 87 37 76 52 14 89 75 18 55 84 41 80 82 98 46 93 23 26 15 72 29 40 61 32 64 17
Schedule:  80 86 25 62 4 45 54 11 48 28 88 30 59 51 93 81 19 77 50 73 36 32 100 43 6 95 97 39 65 84 68 2 13 17 56 34 8 15 57 22 75 79 99 82 37 41 70 53 10 7 3 29 24 69 72 66 96 31 78 26 35 42 20 92 83 67 58 16 63 52 89 74 23 38 47 33 21 60 14 1 44 91 18 12 71 90 98 76 87 55 49 61 94 5 64 27 46 40 85 9
Schedule:  80 86 25 62 4 45 54 11 48 28 88 30 59 51 93 81 19 77 50 73 36 32 100 43 6 95 97 39 65 84 68 2 13 17 56 34 8 15 57 22 75 79 99 82 37 41 70 53 10 7 3 29 24 69 72 66 96 31 78 26 35 42 20 92 83 67 58 16 63 52 89 74 23 38 47 33 21 60 14 1 44 91 18 12 71 90 98 76 87 55 49 61 94 5 64 27 46 40 85 9
Schedule:  22 2 70 20 88 65 31 5 81 52 99 34 27 57 86 84 97 54 45 73 48 16 18 29 59 93 68 50 77 43 79 25 14 36 51 56 8 13 71 39 63 1 100 75 95 32 37 82 6 44 21 69 62 87 9 66 4 15 92 38 78 53 67 76 23 28 19 72 47 83 58 89 98 49 33 96 85 94 11 24 91 55 61 7 17 46 74 40 60 90 26 35 42 41 10 12 3 64 80 30
Schedule:  22 2 70 20 88 65 31 5 81 52 99 34 27 57 86 84 97 54 45 73 48 16 18 29 59 93 68 50 77 43 79 25 14 36 51 56 8 13 71 39 63 1 100 75 95 32 37 82 6 44 21 69 62 87 9 66 4 15 92 38 78 53 67 76 23 28 19 72 47 83 58 89 98 49 33 96 85 94 11 24 91 55 61 7 17 46 74 40 60 90 26 35 42 41 10 12 3 64 80 30
Schedule:  9 92 22 80 51 97 37 100 5 77 74 55 62 13 18 48 40 85 66 26 53 83 59 88 35 68 46 57 44 29 33 24 81 11 94 42 89 20 96 72 15 31 64 17 70 3 76 49 1 45 8 67 41 79 6 38 63 93 34 90 7 2 16 12 50 56 39 71 4 95 58 47 23 32 14 86 21 52 75 60 84 19 30 10 73 87 82 99 65 98 27 28 69 61 78 91 54 43 36 25
Schedule:  9 92 22 80 51 97 37 100 5 77 74 55 62 13 18 48 40 85 66 26 53 83 59 88 35 68 46 57 44 29 33 24 81 11 94 42 89 20 96 72 15 31 64 17 70 3 76 49 1 45 8 67 41 79 6 38 63 93 34 90 7 2 16 12 50 56 39 71 4 95 58 47 23 32 14 86 21 52 75 60 84 19 30 10 73 87 82 99 65 98 27 28 69 61 78 91 54 43 36 25
Schedule:  39 15 80 43 58 54 22 97 74 100 81 26 45 65 94 28 72 63 31 85 60 1 61 30 47 6 56 24 67 9 17 52 78 3 83 76 89 92 69 41 13 35 8 87 37 33 20 49 95 16 70 91 64 12 19 88 46 73 77 42 4 59 10 36 25 27 53 68 79 11 2 57 38 48 14 34 82 93 7 44 5 55 98 50 96 75 23 32 18 90 51 29 99 21 62 40 86 66 71 84
Schedule:  39 15 80 43 58 54 22 97 74 100 81 26 45 65 94 28 72 63 31 85 60 1 61 30 47 6 56 24 67 9 17 52 78 3 83 76 89 92 69 41 13 35 8 87 37 33 20 49 95 16 70 91 64 12 19 88 46 73 77 42 4 59 10 36 25 27 53 68 79 11 2 57 38 48 14 34 82 93 7 44 5 55 98 50 96 75 23 32 18 90 51 29 99 21 62 40 86 66 71 84
Schedule:  29 58 87 62 66 42 64 91 94 35 53 10 15 78 90 51 33 11 7 46 2 50 55 22 70 18 75 83 27 44 98 24 13 96 31 38 71 49 85 57 99 79 16 30 73 4 82 36 67 9 12 61 54 5 100 86 28 23 45 72 68 39 40 95 6 1 56 47 60 41 14 97 3 34 93 8 80 89 17 88 65 77 74 69 25 32 52 48 21 43 59 63 92 76 26 37 84 81 19 20
Schedule:  29 58 87 62 66 42 64 91 94 35 53 10 15 78 90 51 33 11 7 46 2 50 55 22 70 18 75 83 27 44 98 24 13 96 31 38 71 49 85 57 99 79 16 30 73 4 82 36 67 9 12 61 54 5 100 86 28 23 45 72 68 39 40 95 6 1 56 47 60 41 14 97 3 34 93 8 80 89 17 88 65 77 74 69 25 32 52 48 21 43 59 63 92 76 26 37 84 81 19 20
Schedule:  82 17 52 23 90 12 68 60 97 9 46 43 5 35 32 91 39 76 30 85 26 3 79 57 55 71 28 14 63 37 94 41 48 88 74 54 11 8 70 34 96 66 83 100 77 31 49 15 62 19 27 2 67 44 84 45 59 6 89 18 21 22 53 78 95 50 40 36 75 86 87 81 64 13 92 93 51 25 42 33 7 61 1 38 72 20 16 10 47 58 80 69 65 29 99 73 98 4 24 56
Schedule:  82 17 52 23 90 12 68 60 97 9 46 43 5 35 32 91 39 76 30 85 26 3 79 57 55 71 28 14 63 37 94 41 48 88 74 54 11 8 70 34 96 66 83 100 77 31 49 15 62 19 27 2 67 44 84 45 59 6 89 18 21 22 53 78 95 50 40 36 75 86 87 81 64 13 92 93 51 25 42 33 7 61 1 38 72 20 16 10 47 58 80 69 65 29 99 73 98 4 24 56
